59.62
54.39
53.92
53.91
52.74
51.86
51.68
51.56
51.17
50.70
50.70
50.54
48.33
46.49
45.60
45.59
45.18
44.80
43.73
43.56
43.28
43.01
42.10
38.86
55.3
57.9
50.0
34.6
65.4
49.1
40.0
51.5
16.7
47.2
48.1
44.4
60.0
70.0
0.0
44.4
41.4
80.0
51.8
66.7
40.0
60.0
40.0
51.6
50.0
33.3
52.2
45.0
47.6
34.7
51.5
50.0
72.7
47.8
60.0
48.5
47.2
47.5
30.0
48.1
40.0
55.6
49.0
20.0
53.8
55.3
60.0
27.3
42.9
60.0
48.6
51.4
70.0
42.9
40.0
80.0
20.0
52.3
43.1
46.7
20.0
46.7
60.0
20.0
40.0
43.8
37.7
39.3
20.0
50.0
50.0
30.8
61.4
43.2
72.7
42.4
40.0
37.1
59.0
66.7
61.9
80.0
20.0
30.0
39.8
60.0
38.8
37.5
37.5
37.5
49.6
42.9
52.9
50.0
44.4
55.2
59.3
64.7
45.8
60.0
42.9
57.1
52.1
40.0
60.0
60.0
58.9
63.4
50.7
45.1
43.8
27.3
45.5
20.0
80.0
60.0
20.0
44.6
30.0
55.6
72.7
63.0
40.0
51.9
60.0
48.0
40.0
52.0
48.9
60.0
40.0
40.0
33.3
50.0
40.0
33.3
47.2
52.7
20.0
46.7
41.0
40.9
46.5
42.9
38.5
51.8
50.0
27.3
39.3
65.4
58.3
45.7
50.4
70.0
48.9
60.0
40.0
40.0
48.3
62.5
25.0
50.0
0.0
56.3
53.8
47.0
50.6
33.3
50.0
0.0